[gd_scene load_steps=7 format=2]

[ext_resource path="res://Scenes/Enemies/Enemy.gd" type="Script" id=1]
[ext_resource path="res://Assets/Textures/fishy.png" type="Texture" id=2]
[ext_resource path="res://Assets/Audio/nerd audio.mp3" type="AudioStream" id=3]

[sub_resource type="CylinderMesh" id=1]
top_radius = 3.0
bottom_radius = 3.0
height = 10.0

[sub_resource type="SpatialMaterial" id=3]
albedo_texture = ExtResource( 2 )
uv1_scale = Vector3( 2.534, -1, 1 )
uv1_offset = Vector3( 1.578, 0.076, 0 )
distance_fade_mode = 1
distance_fade_min_distance = 100.0
distance_fade_max_distance = 50.0

[sub_resource type="CylinderShape" id=4]
height = 10.0
radius = 3.0

[node name="Enemy" type="KinematicBody"]
collision_layer = 4
collision_mask = 3
script = ExtResource( 1 )

[node name="MeshInstance" type="MeshInstance" parent="."]
transform = Transform( 1, 0, 0, 0, -4.37114e-08, -1, 0, 1, -4.37114e-08, 0, 0, 0 )
mesh = SubResource( 1 )
material/0 = SubResource( 3 )

[node name="Rays" type="Spatial" parent="."]
transform = Transform( 0.9, 0, 0, 0, 0.9, 0, 0, 0, 1, 0, 0, -5 )

[node name="Down" type="RayCast" parent="Rays"]
transform = Transform( 1, 0, 0, 0, 0.707107, -0.707107, 0, 0.707107, 0.707107, 0, -3, 0 )
enabled = true
cast_to = Vector3( 0, -8, 0 )
collision_mask = 2

[node name="Up" type="RayCast" parent="Rays"]
transform = Transform( 1, 0, 0, 0, -0.707107, -0.707107, 0, 0.707107, -0.707107, 0, 3, 0 )
enabled = true
cast_to = Vector3( 0, -8, 0 )
collision_mask = 2

[node name="Right" type="RayCast" parent="Rays"]
transform = Transform( 0.707107, -0.707107, 3.09086e-08, 0, -4.37114e-08, -1, 0.707107, 0.707107, -3.09086e-08, 3, 0, 0 )
enabled = true
cast_to = Vector3( 0, -8, 0 )
collision_mask = 2

[node name="Left" type="RayCast" parent="Rays"]
transform = Transform( -3.09086e-08, 0.707107, -0.707107, -1, -4.37114e-08, 0, -3.09086e-08, 0.707107, 0.707107, -3, 0, 0 )
enabled = true
cast_to = Vector3( 0, -8, 0 )
collision_mask = 2

[node name="AudioStreamPlayer3D" type="AudioStreamPlayer3D" parent="."]
stream = ExtResource( 3 )
unit_db = 3.0
unit_size = 3.0
pitch_scale = 0.7
autoplay = true
max_distance = 150.0

[node name="CollisionShape" type="CollisionShape" parent="."]
transform = Transform( 1, 0, 0, 0, -4.37114e-08, -1, 0, 1, -4.37114e-08, 0, 0, 0 )
shape = SubResource( 4 )

[node name="OmniLight" type="OmniLight" parent="."]
transform = Transform( 1, 0, 0, 0, 1, 0, 0, 0, 1, 0, 0, -5.39352 )
light_color = Color( 1, 0, 0, 1 )
light_indirect_energy = 1.098
omni_range = 10.0

[node name="ChaseTimer" type="Timer" parent="."]
wait_time = 5.0
